100.000000 12.000000 -0.000001
109.090909 12.000000 -0.000001
118.181818 12.000000 -0.000001
127.272727 12.000000 -0.000000
136.363636 12.000000 -0.000000
145.454545 12.000000 -0.000000
154.545455 12.000000 -0.000000
163.636364 12.000000 -0.000000
172.727273 12.000000 -0.000000
181.818182 12.000000 -0.000000
190.909091 12.000000 -0.000000
200.000000 12.000000 -0.000000
209.090909 12.000000 -0.000000
218.181818 12.000000 -0.000000
227.272727 12.000000 -0.000000
236.363636 12.000000 -0.000000
245.454545 12.000000 -0.000000
254.545455 12.000000 -0.000000
263.636364 12.000000 -0.000000
272.727273 12.000000 -0.000000
281.818182 12.000000 -0.000000
290.909091 12.000000 -0.000000
300.000000 12.000000 -0.000000
309.090909 12.000000 -0.000000
318.181818 12.000000 -0.000000
327.272727 12.000000 -0.000000
336.363636 12.000000 -0.000000
345.454545 12.000000 -0.000000
354.545455 12.000000 -0.000000
363.636364 12.000000 -0.000000
372.727273 12.000000 -0.000000
381.818182 12.000000 -0.000000
390.909091 12.000000 -0.000000
400.000000 12.000000 -0.000000
409.090909 12.000000 -0.000000
418.181818 12.000000 -0.000000
427.272727 12.000000 -0.000000
436.363636 12.000000 -0.000000
445.454545 12.000000 -0.000000
454.545455 12.000000 -0.000000
463.636364 12.000000 -0.000000
472.727273 12.000000 -0.000000
481.818182 12.000000 -0.000000
490.909091 12.000000 -0.000000
500.000000 12.000000 -0.000000
509.090909 12.000000 -0.000000
518.181818 12.000000 -0.000000
527.272727 12.000000 -0.000000
536.363636 12.000000 -0.000000
545.454545 12.000000 -0.000000
554.545455 12.000000 -0.000000
563.636364 12.000000 -0.000000
572.727273 12.000000 -0.000000
581.818182 12.000000 -0.000000
590.909091 12.000000 -0.000000
600.000000 12.000000 -0.000000
609.090909 12.000000 -0.000000
618.181818 12.000000 -0.000000
627.272727 12.000000 -0.000000
636.363636 12.000000 -0.000000
645.454545 12.000000 -0.000000
654.545455 12.000000 -0.000000
663.636364 12.000000 -0.000000
672.727273 12.000000 -0.000000
681.818182 12.000000 -0.000000
690.909091 12.000000 -0.000000
700.000000 12.000000 -0.000000
709.090909 12.000000 -0.000000
718.181818 12.000000 -0.000000
727.272727 12.000000 -0.000000
736.363636 12.000000 -0.000000
745.454545 12.000000 -0.000000
754.545455 12.000000 -0.000000
763.636364 12.000000 -0.000000
772.727273 12.000000 -0.000000
781.818182 12.000000 -0.000000
790.909091 12.000000 -0.000000
800.000000 12.000000 -0.000000
809.090909 12.000000 -0.000000
818.181818 12.000000 -0.000000
827.272727 12.000000 -0.000000
836.363636 12.000000 -0.000000
845.454545 12.000000 -0.000000
854.545455 12.000000 -0.000000
863.636364 12.000000 -0.000000
872.727273 12.000000 -0.000000
881.818182 12.000000 -0.000000
890.909091 12.000000 -0.000000
900.000000 12.000000 -0.000000
909.090909 12.000000 -0.000000
918.181818 12.000000 -0.000000
927.272727 12.000000 -0.000000
936.363636 12.000000 -0.000000
945.454545 12.000000 -0.000000
954.545455 12.000000 -0.000000
963.636364 12.000000 -0.000000
972.727273 12.000000 -0.000000
981.818182 12.000000 -0.000000
990.909091 12.000000 -0.000000
1000.000000 12.000000 -0.000000
